11 5
11 6
19 7
18 8
9 5
14 6
14 7
18 8
13 7
31 8
35 9
14 7
22 8
30 9
6 5
11 5
10 5
10 5
9 5
12 5
11 5
11 5
8 5
10 5
24 8
20 9
38 10
34 9
20 8
23 8
22 8
19 8
23 8
26 8
17 8
30 9
35 10
27 9
45 10
23 9
16 6
14 7
25 8
29 9
25 8
22 7
15 6
10 5
14 6
17 7
19 8
30 9
22 8
22 7
15 6
11 5
30 9
26 8
18 7
13 6
11 5
13 6
15 7
27 8
30 9
11 6
16 7
24 8
19 7
14 6
15 7
19 8
20 7
14 6
14 6
11 6
12 6
14 6
20 6
18 6
14 6
17 6
13 6
14 6
21 8
23 9
30 10
44 12
42 11
35 10
28 9
20 7
24 8
16 7
23 8
15 7
24 8
18 7
21 8
26 9
31 8
29 9
21 8
11 5
13 6
16 7
9 5
10 6
20 7
13 5
11 6
17 7
7 5
18 6
15 7
18 7
18 7
22 7
19 7
20 7
21 7
21 8
27 8
22 8
26 8
20 8
11 5
12 5
15 6
18 6
15 7
25 7
25 8
24 8
27 9
28 9
9 5
12 5
13 6
13 6
22 7
26 7
21 8
23 8
34 9
27 9
21 8
20 7
18 7
11 6
12 6
14 6
12 5
9 5
9 5
10 5
44 10
38 11
29 9
11 6
9 5
12 6
12 6
10 5
33 9
42 10
30 11
18 7
27 8
27 9
22 9
19 8
16 7
16 7
16 8
31 10
44 11
41 12
27 10
15 8
17 7
14 6
11 5
27 8
13 7
18 6
24 9
7 5
13 7
31 9
40 11
14 6
22 8
33 10
23 8
14 6
18 7
13 6
17 7
20 6
14 7
15 6
17 7
15 6
21 7
21 7
21 8
15 7
23 8
21 7
21 8
15 7
21 8
26 8
33 9
22 9
37 10
37 10
30 9
33 10
23 9
32 10
24 9
28 10
13 6
13 6
17 6
12 6
12 6
13 6
11 6
15 6
14 6
12 6
12 6
13 6
17 7
16 7
23 7
17 7
21 7
16 7
17 7
19 7
22 7
20 7
20 8
20 8
24 8
23 8
25 8
21 8
24 9
27 9
28 9
17 9
30 9
33 10
42 10
30 10
38 10
30 11
29 11
33 11
40 12
46 12
45 12
13 5
22 8
17 8
21 7
11 5
15 7
22 7
15 7
15 7
18 7
12 7
8 5
10 5
13 6
15 6
20 7
14 7
27 8
26 8
20 7
23 7
29 8
26 8
38 9
16 8
20 8
16 8
36 9
28 9
39 10
45 10
35 10
38 9
19 8
20 7
11 6
10 5
10 5
12 6
19 7
29 8
26 9
22 8
14 7
12 6
11 5
12 5
18 7
32 9
43 11
14 6
26 8
29 10
29 8
11 6
10 5
12 6
15 7
7 5
11 6
26 7
11 5
12 6
25 7
10 5
15 6
13 7
28 8
25 8
20 7
20 7
26 9
26 9
23 9
23 8
15 8
24 10
9 6
16 7
21 8
14 6
17 7
28 8
12 6
21 7
24 8
17 6
15 6
15 6
15 6
17 7
25 7
19 7
17 7
21 8
25 8
23 8
23 8
23 8
29 8
32 9
32 10
42 11
21 9
20 9
34 11
35 11
15 6
11 6
14 6
13 6
11 6
15 7
18 7
15 7
17 7
16 7
15 6
22 8
12 6
23 8
10 6
26 8
15 7
16 7
16 7
14 7
21 8
20 8
17 8
26 9
19 9
21 9
29 10
25 10
13 7
17 8
23 9
27 10
47 12
38 12
11 5
32 10
18 6
30 9
18 7
28 8
11 5
10 6
6 5
16 6
11 5
12 6
12 5
18 6
11 5
14 6
12 5
13 6
20 8
24 7
25 8
17 7
18 8
17 7
11 6
18 7
15 6
12 7
17 6
27 8
18 6
29 9
33 9
26 9
23 9
30 10
25 10
26 10
7 5
9 5
16 6
18 6
14 7
16 7
22 8
27 8
24 9
24 9
15 6
17 6
16 6
16 6
20 6
11 6
21 6
16 6
23 6
15 6
13 6
21 6
16 7
22 7
15 7
16 7
20 7
14 7
18 7
20 7
17 7
24 7
25 8
23 8
22 8
22 8
22 8
26 8
24 9
28 9
33 9
34 9
27 9 
37 10
27 10
32 10
46 11
37 11
63 12
55 12
15 7
19 7
22 7
16 7
17 7
11 5
11 6
19 7
18 8
9 5
14 6
14 7
18 8
13 7
31 8
35 9
14 7
22 8
30 9
10 5
11 5
10 5
10 5
9 5
12 5
11 5
11 5
8 5
10 5
24 8
20 9
38 10
34 9
20 8
23 8
22 8
19 8
23 8
26 8
17 8 
30 9
35 10
27 9
45 10
23 9
16 6
14 7
25 8
29 9
25 8
22 7
15 6
10 5
14 6
17 7
19 8
30 9
22 8
22 7
15 6
11 5
30 9
26 8
18 7
13 6
11 5
13 6
15 7
27 8
30 9
11 6
16 7
24 8
19 7
14 6
15 7
19 8
20 7
14 6
21 8
23 9
30 10
44 12
42 11
35 10
28 9
20 7
24 8
16 7
23 8
15 7
24 8
18 7
21 8
26 9
31 8
29 9
21 8
11 5
13 6
16 7
9 5
10 6
20 7
13 5
11 6
17 7
7 5
18 6
15 7
18 7
18 7
22 7
19 7
20 7
21 7
21 8
27 8
22 8
26 8
20 8
11 5
12 5 
15 6
18 6
15 7
25 7
25 8
24 8
27 9
28 9
9 5
12 5
13 6
13 6
22 7
26 7
21 8
23 8
34 9
27 9
21 8
20 7
18 7
11 6
12 6
14 6
12 5
9 5
9 5
10 5
44 10
38 11
29 9
11 6
9 5
12 6
12 6
10 5
33 9
42 10
30 11
18 7
27 8
27 9
22 9
19 8
16 7
16 7
16 8
31 10
44 11
41 12
27 10
15 8
17 7
14 6
11 5
27 8
13 7
18 6
24 9
7 5
13 7
31 9
40 11
14 6
22 8
33 10
23 8
14 6 
18 7
13 6
17 7
20 6
14 7
15 6
17 7
15 6
21 7
21 7
21 8
15 7
23 8
21 7
21 8
15 7
21 8
26 8
33 9
22 9
37 10
37 10
30 9
33 10
23 9
32 10
24 9
28 10
13 6
13 6
17 6 
12 6
12 6
13 6
11 6
15 6
14 6
12 6
12 6
13 6
15 11
17 7
16 7
23 7
17 7
21 7
16 7
17 7
19 7
22 7
20 7
20 8
20 8
24 8
23 8
25 8
21 8
24 9
27 9
28 9
17 9
30 9
33 10
42 10
30 10
38 10
30 11
29 11
33 11
40 12
46 12
45 12
13 5
22 8
17 8
21 7
11 5
15 7
22 7
15 7
15 7
18 7
12 7
8 5
10 5
13 6
15 6
20 7
14 7
27 8
26 8
20 7
23 7
29 8
26 8
38 9
16 8
20 8
16 8
36 9
28 9
39 10
45 10
35 10
38 9
19 8
20 7
11 6
10 5
10 5
12 6
19 7
29 8
26 9
22 8
14 7
12 6
11 5
12 5
18 7
32 9
43 11